EVENT:  1 2 18.5466  -0.000107986  -9280.5
TRACK:  22 0.00358598   -2.78993e-05   0.349448
TRACK:  11 0.0480648   0.000119331   4.65029

EVENT:  2 2 18.5474  -0.000391013  -9280.5
TRACK:  22 0.00224568   -2.76186e-06   0.213772
TRACK:  11 0.0493922   -4.55967e-05   4.78596

EVENT:  3 2 18.5464  -0.000345595  -9280.5
TRACK:  22 0.00633602   -6.29009e-06   0.614016
TRACK:  11 0.0455239   -5.54472e-05   4.38571

EVENT:  4 2 18.5467  3.91049e-06  -9280.5
TRACK:  22 0.00300983   -3.33959e-05   0.288974
TRACK:  11 0.0488808   0.000137308   4.71076

EVENT:  5 2 18.5472  0.000632606  -9280.5
TRACK:  22 0.00403742   9.08336e-07   0.386823
TRACK:  11 0.0476049   -2.13198e-05   4.61291

EVENT:  6 2 18.5472  0.000131233  -9280.5
TRACK:  22 0.000228712   2.29485e-06   0.023517
TRACK:  11 0.0514513   -2.96314e-05   4.97622

EVENT:  7 2 18.5478  -0.000149181  -9280.5
TRACK:  22 0.00360933   4.0357e-05   0.347918
TRACK:  11 0.0478699   7.99768e-05   4.65182

EVENT:  8 2 18.5469  -0.000140236  -9280.5
TRACK:  22 8.77182e-05   1.7956e-06   0.00936688
TRACK:  11 0.0515961   -6.4937e-06   4.99037

EVENT:  9 2 18.5468  0.000179995  -9280.5
TRACK:  22 2.98335e-06   -1.20007e-06   0.000215565
TRACK:  11 0.0517554   3.8409e-05   4.99952

EVENT:  10 2 18.5468  0.000399823  -9280.5
TRACK:  22 0.000539645   1.63623e-05   0.0509719
TRACK:  11 0.0510946   -1.70864e-05   4.94876

EVENT:  11 2 18.5464  0.000319481  -9280.5
TRACK:  22 0.00129997   -1.78201e-05   0.122896
TRACK:  11 0.0505576   2.13979e-05   4.87683

EVENT:  12 2 18.5469  -2.77713e-05  -9280.5
TRACK:  22 0.00734882   -1.95078e-05   0.705699
TRACK:  11 0.0446242   -1.54114e-07   4.29403

EVENT:  13 2 18.5472  -0.000390303  -9280.5
TRACK:  22 0.000536646   6.53001e-06   0.0539705
TRACK:  11 0.0510793   -2.84536e-05   4.94576

EVENT:  14 2 18.5477  0.000346154  -9280.5
TRACK:  22 0.0073555   -1.0198e-05   0.712872
TRACK:  11 0.0442759   7.01326e-05   4.28686

EVENT:  15 2 18.5474  -0.000250782  -9280.5
TRACK:  22 0.00148417   -3.07334e-05   0.144851
TRACK:  11 0.0501228   4.58345e-05   4.85488

EVENT:  16 2 18.547  -0.000134742  -9280.5
TRACK:  22 0.00651554   2.1421e-05   0.631625
TRACK:  11 0.0452199   -4.00671e-05   4.36811

EVENT:  17 2 18.5473  7.9567e-05  -9280.5
TRACK:  22 0.00210582   3.10439e-05   0.205746
TRACK:  11 0.0495086   -7.01783e-05   4.79399

EVENT:  18 2 18.546  1.42247e-05  -9280.5
TRACK:  22 0.00341212   1.80583e-05   0.33359
TRACK:  11 0.0483281   7.86509e-05   4.66614

EVENT:  19 2 18.5476  0.0002002  -9280.5
TRACK:  22 0.00283092   2.38076e-05   0.27694
TRACK:  11 0.0489266   7.15266e-05   4.72279

EVENT:  20 2 18.5478  0.000128428  -9280.5
TRACK:  22 0.000714749   3.27892e-06   0.0664884
TRACK:  11 0.0512564   3.39043e-05   4.93324

EVENT:  21 2 18.547  -0.000355459  -9280.5
TRACK:  22 0.00614934   -1.70732e-05   0.594001
TRACK:  11 0.0453459   -4.60027e-06   4.40573

EVENT:  22 2 18.5468  -2.95113e-05  -9280.5
TRACK:  22 0.000995068   -8.35598e-06   0.099351
TRACK:  11 0.0504796   -0.000127618   4.90038

EVENT:  23 2 18.5477  0.000163136  -9280.5
TRACK:  22 0.00612401   8.21655e-06   0.595316
TRACK:  11 0.0454953   -0.000159877   4.40442

EVENT:  24 2 18.5471  0.000315402  -9280.5
TRACK:  22 0.00730211   -2.7706e-05   0.704549
TRACK:  11 0.0443946   -7.82232e-05   4.29518

EVENT:  25 2 18.547  -0.00014442  -9280.5
TRACK:  22 0.00692022   -7.83536e-06   0.673152
TRACK:  11 0.0446671   4.09928e-06   4.32658

EVENT:  26 2 18.5464  -0.000294122  -9280.5
TRACK:  22 0.00378979   -2.53969e-05   0.37146
TRACK:  11 0.0476676   2.84838e-05   4.62827

EVENT:  27 2 18.5485  -6.2965e-05  -9280.5
TRACK:  22 0.00659236   2.7788e-05   0.636645
TRACK:  11 0.0451908   -5.07493e-05   4.36309

EVENT:  28 2 18.5483  0.000214784  -9280.5
TRACK:  22 0.00518797   -5.43219e-05   0.505011
TRACK:  11 0.0462373   -9.65045e-05   4.49472

EVENT:  29 2 18.5476  1.46324e-05  -9280.5
TRACK:  22 0.000972257   2.63947e-05   0.093381
TRACK:  11 0.0506084   -1.39373e-05   4.90635

EVENT:  30 2 18.5475  -4.7109e-05  -9280.5
TRACK:  22 0.00294563   2.84062e-05   0.281152
TRACK:  11 0.0487928   0.000150037   4.71858

EVENT:  31 2 18.5472  -2.10267e-05  -9280.5
TRACK:  22 0.00053824   -1.46191e-05   0.0538806
TRACK:  11 0.0509797   -9.97551e-05   4.94585

EVENT:  32 2 18.5475  -0.000136912  -9280.5
TRACK:  22 0.00336779   -2.79378e-05   0.328787
TRACK:  11 0.0481943   0.000131366   4.67095

EVENT:  33 2 18.5459  -0.000548483  -9280.5
TRACK:  22 0.00619867   2.30999e-06   0.603846
TRACK:  11 0.0454048   1.67057e-05   4.39589

EVENT:  34 2 18.5473  0.000286429  -9280.5
TRACK:  22 0.000341482   -1.66372e-05   0.0337286
TRACK:  11 0.0511626   -3.73409e-05   4.96601

EVENT:  35 2 18.5467  -8.90778e-05  -9280.5
TRACK:  22 0.00560296   3.75901e-05   0.542172
TRACK:  11 0.0461   -3.86788e-05   4.45756

EVENT:  36 2 18.5466  0.000292964  -9280.5
TRACK:  22 0.000389213   1.77519e-05   0.0380852
TRACK:  11 0.0515185   4.31892e-05   4.96165

EVENT:  37 2 18.5463  -0.000538767  -9280.5
TRACK:  22 0.00121383   1.75571e-05   0.114647
TRACK:  11 0.0506288   1.89223e-05   4.88508

EVENT:  38 2 18.5457  3.28379e-05  -9280.5
TRACK:  22 0.00204326   -3.33086e-05   0.196912
TRACK:  11 0.0493036   -4.31382e-05   4.80282

EVENT:  39 2 18.5467  -0.000266439  -9280.5
TRACK:  22 0.00521937   -4.27539e-05   0.501533
TRACK:  11 0.0466609   -1.7288e-05   4.4982

EVENT:  40 2 18.5469  -0.000219637  -9280.5
TRACK:  22 0.00689293   1.04869e-05   0.662281
TRACK:  11 0.0449422   8.79281e-06   4.33745

EVENT:  41 2 18.5465  0.000336549  -9280.5
TRACK:  22 0.00434376   9.1069e-06   0.416834
TRACK:  11 0.047273   -2.80479e-05   4.5829

EVENT:  42 2 18.547  0.000209513  -9280.5
TRACK:  22 0.000670387   2.13884e-06   0.0671042
TRACK:  11 0.0510328   -0.000136879   4.93263

EVENT:  43 2 18.5472  3.79238e-05  -9280.5
TRACK:  22 0.00422992   -2.07484e-05   0.411294
TRACK:  11 0.0476097   5.5183e-05   4.58844

EVENT:  44 2 18.5475  0.000334872  -9280.5
TRACK:  22 0.00437589   1.92156e-05   0.427578
TRACK:  11 0.0472169   -3.29952e-05   4.57216

EVENT:  45 2 18.546  0.000233062  -9280.5
TRACK:  22 0.00146649   1.47311e-05   0.145641
TRACK:  11 0.0499197   3.79495e-05   4.8541

EVENT:  46 2 18.5477  0.000158136  -9280.5
TRACK:  22 0.00278524   1.3839e-05   0.264457
TRACK:  11 0.049152   1.15004e-05   4.73527

EVENT:  47 2 18.5469  0.000137523  -9280.5
TRACK:  22 0.00353126   -3.03584e-05   0.34498
TRACK:  11 0.0480652   2.92308e-05   4.65475

EVENT:  48 2 18.5472  -0.000121714  -9280.5
TRACK:  22 0.00332972   -3.26555e-05   0.32288
TRACK:  11 0.0485624   7.80974e-05   4.67685

EVENT:  49 2 18.546  0.000461967  -9280.5
TRACK:  22 0.00432285   4.60047e-05   0.417414
TRACK:  11 0.047209   6.94374e-05   4.58232

EVENT:  50 2 18.5465  -8.58911e-05  -9280.5
TRACK:  22 0.00283916   1.95528e-05   0.277155
TRACK:  11 0.0490406   2.68855e-05   4.72258

EVENT:  51 2 18.5469  -0.000270179  -9280.5
TRACK:  22 0.00371692   -2.34061e-05   0.362947
TRACK:  11 0.0480013   -3.86407e-05   4.63679

EVENT:  52 2 18.5457  0.000408005  -9280.5
TRACK:  22 0.00746953   -1.87572e-05   0.720062
TRACK:  11 0.0444539   -5.4349e-09   4.27967

EVENT:  53 2 18.5464  0.000725039  -9280.5
TRACK:  22 0.000573641   6.20464e-06   0.0583157
TRACK:  11 0.0504192   -0.000113104   4.94142

EVENT:  54 2 18.5469  9.93754e-05  -9280.5
TRACK:  22 0.00736572   2.47764e-05   0.71122
TRACK:  11 0.0443476   2.47141e-05   4.28851

EVENT:  55 2 18.5469  0.000305527  -9280.5
TRACK:  22 0.00240906   -2.39772e-05   0.23552
TRACK:  11 0.049446   -7.10119e-05   4.76421

EVENT:  56 2 18.5484  -5.53709e-05  -9280.5
TRACK:  22 0.00624664   -3.99161e-05   0.604507
TRACK:  11 0.0454295   -1.15913e-05   4.39523

EVENT:  57 2 18.547  0.000197288  -9280.5
TRACK:  22 4.06974e-05   -4.8204e-06   0.0036108
TRACK:  11 0.0520185   9.81895e-05   4.99612

EVENT:  58 2 18.547  -0.000218468  -9280.5
TRACK:  22 0.00639784   2.09121e-05   0.61727
TRACK:  11 0.0454799   -0.000109547   4.38246

EVENT:  59 2 18.5472  -3.14913e-05  -9280.5
TRACK:  22 0.00241224   3.08532e-05   0.231062
TRACK:  11 0.0493761   -9.43714e-05   4.76867

EVENT:  60 2 18.5471  -3.86777e-05  -9280.5
TRACK:  22 0.00458325   1.86514e-05   0.449351
TRACK:  11 0.0468046   -5.04067e-05   4.55039

EVENT:  61 2 18.5458  -0.000117471  -9280.5
TRACK:  22 0.00702021   2.4671e-05   0.678591
TRACK:  11 0.0448271   1.4314e-05   4.32114

EVENT:  62 2 18.5477  -0.000274026  -9280.5
TRACK:  22 0.00259697   9.1292e-06   0.252493
TRACK:  11 0.0495578   -0.000112442   4.74723

EVENT:  63 2 18.547  -0.000255466  -9280.5
TRACK:  22 0.00245381   -1.06399e-05   0.240217
TRACK:  11 0.049415   -4.40646e-05   4.75951

EVENT:  64 2 18.5467  0.000385309  -9280.5
TRACK:  22 0.00306935   5.43668e-06   0.294355
TRACK:  11 0.0483897   -8.14606e-05   4.70538

EVENT:  65 2 18.5467  9.67683e-05  -9280.5
TRACK:  22 0.00740062   3.23269e-06   0.714088
TRACK:  11 0.0445439   -2.61633e-05   4.28564

EVENT:  66 2 18.5461  0.000442772  -9280.5
TRACK:  22 0.00248874   3.81934e-05   0.242215
TRACK:  11 0.0491434   -1.57099e-05   4.75752

EVENT:  67 2 18.5473  0.000101296  -9280.5
TRACK:  22 0.00042686   -1.96699e-05   0.0414535
TRACK:  11 0.0512333   -5.42849e-05   4.95828

EVENT:  68 2 18.5464  0.000445247  -9280.5
TRACK:  22 0.00418611   4.12619e-05   0.40465
TRACK:  11 0.0473818   -2.57607e-05   4.59508

EVENT:  69 2 18.5477  -0.000197452  -9280.5
TRACK:  22 0.00133329   -9.95801e-06   0.131814
TRACK:  11 0.0503903   -7.43025e-07   4.86792

EVENT:  70 2 18.5471  0.000302401  -9280.5
TRACK:  22 0.00616805   -5.30324e-06   0.599279
TRACK:  11 0.0455303   0.000116343   4.40045

EVENT:  71 2 18.549  -0.000113487  -9280.5
TRACK:  22 0.00664428   -1.36018e-05   0.643996
TRACK:  11 0.0451235   5.02036e-05   4.35574

EVENT:  72 2 18.5461  0.000134496  -9280.5
TRACK:  22 0.000836156   2.28533e-05   0.0825659
TRACK:  11 0.0505767   -1.97945e-05   4.91717

EVENT:  73 2 18.5471  0.00029811  -9280.5
TRACK:  22 0.000422313   -1.41125e-05   0.0396854
TRACK:  11 0.0513894   0.000139885   4.96005

EVENT:  74 2 18.5461  -9.61461e-06  -9280.5
TRACK:  22 0.00754464   2.41295e-05   0.728369
TRACK:  11 0.0443318   7.4503e-05   4.27136

EVENT:  75 2 18.5479  0.000432152  -9280.5
TRACK:  22 0.00328875   2.15741e-05   0.319022
TRACK:  11 0.0487346   -0.000119983   4.68071

EVENT:  76 2 18.5485  -7.54079e-05  -9280.5
TRACK:  22 0.00150728   -3.28781e-05   0.144981
TRACK:  11 0.0503598   3.3543e-05   4.85475

EVENT:  77 2 18.548  -0.000141471  -9280.5
TRACK:  22 0.00679234   6.91982e-06   0.656255
TRACK:  11 0.044779   -8.12972e-05   4.34348

EVENT:  78 2 18.5466  0.000155879  -9280.5
TRACK:  22 0.00451857   -1.81035e-05   0.439492
TRACK:  11 0.0473346   -4.36186e-05   4.56024

EVENT:  79 2 18.5468  -3.56569e-05  -9280.5
TRACK:  22 0.00227687   1.19643e-05   0.223491
TRACK:  11 0.0494522   -6.98665e-05   4.77624

EVENT:  80 2 18.5472  -0.000312045  -9280.5
TRACK:  22 0.007006   1.29094e-05   0.676815
TRACK:  11 0.0449248   8.77335e-06   4.32291

EVENT:  81 2 18.5463  0.000234989  -9280.5
TRACK:  22 0.0021918   -3.36214e-05   0.212879
TRACK:  11 0.049662   4.72048e-05   4.78685

EVENT:  82 2 18.547  -0.000139434  -9280.5
TRACK:  22 0.000134883   7.98452e-07   0.0141667
TRACK:  11 0.0514772   1.07103e-05   4.98557

EVENT:  83 2 18.5474  -8.98953e-05  -9280.5
TRACK:  22 0.00250907   -2.68021e-05   0.241026
TRACK:  11 0.0489947   7.42419e-05   4.75871

EVENT:  84 2 18.5483  0.000179293  -9280.5
TRACK:  22 0.00442242   -5.62917e-05   0.427961
TRACK:  11 0.0471838   -0.000118372   4.57177

EVENT:  85 2 18.5474  -0.000374489  -9280.5
TRACK:  22 0.00749234   6.94363e-06   0.728924
TRACK:  11 0.0439841   0.000108339   4.27081

EVENT:  86 2 18.5463  0.000248404  -9280.5
TRACK:  22 0.002761   7.44514e-06   0.271523
TRACK:  11 0.0488166   4.71427e-05   4.72821

EVENT:  87 2 18.5469  -1.45294e-05  -9280.5
TRACK:  22 0.000730381   -9.37297e-07   0.0730336
TRACK:  11 0.0509681   -6.69844e-05   4.9267

EVENT:  88 2 18.5465  0.000105086  -9280.5
TRACK:  22 0.00771275   7.90738e-06   0.744755
TRACK:  11 0.0439984   1.77804e-05   4.25498

EVENT:  89 2 18.5478  0.00016085  -9280.5
TRACK:  22 0.000434256   1.86006e-05   0.0428186
TRACK:  11 0.0509383   -1.24594e-05   4.95692

EVENT:  90 2 18.5468  0.000141963  -9280.5
TRACK:  22 0.00209329   -3.48782e-05   0.203332
TRACK:  11 0.0495458   7.74733e-05   4.7964

EVENT:  91 2 18.5483  7.19916e-05  -9280.5
TRACK:  22 0.00174579   3.36068e-05   0.168489
TRACK:  11 0.0498536   -5.28405e-05   4.83125

EVENT:  92 2 18.5475  -6.06754e-06  -9280.5
TRACK:  22 8.82808e-05   -8.69415e-06   0.00855472
TRACK:  11 0.0516317   0.000115674   4.99118

EVENT:  93 2 18.5473  -6.83069e-05  -9280.5
TRACK:  22 0.00623501   2.70445e-05   0.604852
TRACK:  11 0.0455365   4.35401e-05   4.39488

EVENT:  94 2 18.5469  0.000271761  -9280.5
TRACK:  22 0.00656866   -2.36034e-05   0.635827
TRACK:  11 0.0449444   3.69201e-05   4.36391

EVENT:  95 2 18.5463  -2.47087e-05  -9280.5
TRACK:  22 0.00321519   3.61792e-06   0.313601
TRACK:  11 0.0486929   -6.83629e-05   4.68613

EVENT:  96 2 18.5467  -0.000428832  -9280.5
TRACK:  22 0.00744754   -4.15634e-06   0.71988
TRACK:  11 0.0444   6.15746e-06   4.27985

EVENT:  97 2 18.5463  0.000186958  -9280.5
TRACK:  22 0.00536002   -4.53577e-05   0.521052
TRACK:  11 0.0461548   -2.56757e-05   4.47868

EVENT:  98 2 18.5469  -0.000109807  -9280.5
TRACK:  22 0.00124422   -3.18564e-05   0.11998
TRACK:  11 0.0504848   -2.27014e-05   4.87975

EVENT:  99 2 18.5475  1.1912e-05  -9280.5
TRACK:  22 0.00292533   -3.36432e-05   0.27946
TRACK:  11 0.0489549   -4.14215e-06   4.72027

EVENT:  100 2 18.548  -0.000168491  -9280.5
TRACK:  22 0.000213887   -1.34099e-05   0.0211993
TRACK:  11 0.0512409   -4.06434e-05   4.97854

EVENT:  101 2 18.5481  2.98291e-05  -9280.5
TRACK:  22 0.00363439   1.23808e-05   0.358156
TRACK:  11 0.0476613   -7.62561e-06   4.64158

EVENT:  102 2 18.5464  4.25704e-05  -9280.5
TRACK:  22 0.00548223   3.19484e-06   0.524305
TRACK:  11 0.0464277   -7.2338e-06   4.47543

EVENT:  103 2 18.5478  -0.000314753  -9280.5
TRACK:  22 0.0074236   1.51954e-07   0.719801
TRACK:  11 0.0442622   3.61661e-05   4.27993

EVENT:  104 2 18.5462  7.49259e-06  -9280.5
TRACK:  22 0.00600065   1.5865e-05   0.585311
TRACK:  11 0.0454371   -0.000121103   4.41442

EVENT:  105 2 18.5468  0.000161761  -9280.5
TRACK:  22 0.00609565   -3.91586e-05   0.591761
TRACK:  11 0.0453943   1.46244e-06   4.40797

EVENT:  106 2 18.5459  -0.000205461  -9280.5
TRACK:  22 0.00554239   -4.28492e-05   0.530929
TRACK:  11 0.046539   -1.58694e-05   4.4688

EVENT:  107 2 18.5468  -4.0227e-05  -9280.5
TRACK:  22 0.0015435   9.80591e-06   0.151174
TRACK:  11 0.0505875   6.77681e-05   4.84855

EVENT:  108 2 18.5479  0.000423936  -9280.5
TRACK:  22 0.00447205   -3.59639e-05   0.430845
TRACK:  11 0.0471724   3.08752e-05   4.56889

EVENT:  109 2 18.546  -0.000174778  -9280.5
TRACK:  22 0.00733254   -2.88906e-05   0.706536
TRACK:  11 0.0444585   -6.28514e-05   4.2932

EVENT:  110 2 18.5464  0.000180127  -9280.5
TRACK:  22 0.00320457   2.39177e-06   0.31632
TRACK:  11 0.0480938   -6.56694e-05   4.68342

EVENT:  111 2 18.5478  -0.00028249  -9280.5
TRACK:  22 0.00350353   2.82651e-05   0.341638
TRACK:  11 0.0482235   -2.4487e-05   4.65809

EVENT:  112 2 18.5468  0.000242725  -9280.5
TRACK:  22 0.00118063   -2.09559e-05   0.11242
TRACK:  11 0.0503561   -3.12947e-06   4.88731

EVENT:  113 2 18.5469  1.24373e-05  -9280.5
TRACK:  22 0.00661138   2.79748e-06   0.645507
TRACK:  11 0.0447729   -0.000130258   4.35423

EVENT:  114 2 18.5468  0.000252574  -9280.5
TRACK:  22 0.00619658   -3.53423e-05   0.599244
TRACK:  11 0.0452944   -6.66598e-05   4.40049

EVENT:  115 2 18.546  -0.000849654  -9280.5
TRACK:  22 0.00764464   -1.68631e-05   0.740483
TRACK:  11 0.0440338   -4.09638e-05   4.25925

EVENT:  116 2 18.5465  0.000376952  -9280.5
TRACK:  22 0.00630579   9.84429e-06   0.614224
TRACK:  11 0.0448782   -0.000154981   4.38551

EVENT:  117 2 18.5476  -6.63709e-05  -9280.5
TRACK:  22 0.00403446   -9.80225e-06   0.385646
TRACK:  11 0.0477869   0.000133152   4.61408

EVENT:  118 2 18.5482  0.000501059  -9280.5
TRACK:  22 0.00218859   -1.74935e-05   0.207519
TRACK:  11 0.0497525   3.62646e-05   4.79221

EVENT:  119 2 18.5461  -0.000242972  -9280.5
TRACK:  22 0.000285338   -1.53787e-05   0.0273489
TRACK:  11 0.0515691   5.31123e-05   4.97238

EVENT:  120 2 18.5475  -0.000122659  -9280.5
TRACK:  22 0.00284137   2.84802e-05   0.275853
TRACK:  11 0.0490374   -0.000138923   4.72388

EVENT:  121 2 18.5467  0.000426714  -9280.5
TRACK:  22 0.00322984   -1.5659e-05   0.310607
TRACK:  11 0.0481577   4.6351e-05   4.68913

EVENT:  122 2 18.5469  5.71375e-05  -9280.5
TRACK:  22 0.00088551   -4.78626e-06   0.0832927
TRACK:  11 0.0507512   0.0001523   4.91644

EVENT:  123 2 18.5481  -0.000157438  -9280.5
TRACK:  22 0.00378942   -2.59138e-05   0.366696
TRACK:  11 0.0482366   0.000118608   4.63303

EVENT:  124 2 18.5472  1.62541e-05  -9280.5
TRACK:  22 0.0003627   -1.07549e-05   0.0364568
TRACK:  11 0.0513453   2.47116e-05   4.96328

EVENT:  125 2 18.5479  0.000120336  -9280.5
TRACK:  22 0.00459788   2.33114e-05   0.441416
TRACK:  11 0.0471307   -7.22741e-05   4.55832

EVENT:  126 2 18.5468  0.000236913  -9280.5
TRACK:  22 0.00696351   1.12224e-05   0.670595
TRACK:  11 0.0447802   -2.52592e-05   4.32914

EVENT:  127 2 18.546  -0.000107204  -9280.5
TRACK:  22 0.0020723   3.41374e-05   0.199409
TRACK:  11 0.0496605   -7.82549e-05   4.80032

EVENT:  128 2 18.5468  0.000384709  -9280.5
TRACK:  22 0.00250161   -2.71985e-05   0.242586
TRACK:  11 0.0493998   0.000198314   4.75714

EVENT:  129 2 18.5466  0.000468551  -9280.5
TRACK:  22 0.00525511   3.5738e-05   0.503956
TRACK:  11 0.0467947   -6.49647e-05   4.49577

EVENT:  130 2 18.5476  9.00486e-05  -9280.5
TRACK:  22 0.00233851   -3.87022e-05   0.223414
TRACK:  11 0.0497861   4.37932e-06   4.77631

EVENT:  131 2 18.5476  -8.89105e-05  -9280.5
TRACK:  22 0.000219678   2.26292e-06   0.0227851
TRACK:  11 0.0511097   0.000104008   4.97695

EVENT:  132 2 18.5475  0.00021804  -9280.5
TRACK:  22 0.00277079   1.52326e-05   0.271288
TRACK:  11 0.0489872   -5.2003e-08   4.72844

EVENT:  133 2 18.5465  -0.000184664  -9280.5
TRACK:  22 0.0058243   3.5853e-06   0.566729
TRACK:  11 0.0458784   -1.38657e-06   4.433

EVENT:  134 2 18.5471  -5.93156e-05  -9280.5
TRACK:  22 0.000741988   2.2858e-05   0.0707414
TRACK:  11 0.0510701   -1.70498e-05   4.92899

EVENT:  135 2 18.5474  -1.39898e-05  -9280.5
TRACK:  22 0.00108412   -1.46736e-05   0.102711
TRACK:  11 0.0505432   0.000106699   4.89702

EVENT:  136 2 18.5473  3.65945e-05  -9280.5
TRACK:  22 0.00294858   2.1724e-05   0.281757
TRACK:  11 0.0487661   -2.40411e-05   4.71798

EVENT:  137 2 18.5476  0.000382628  -9280.5
TRACK:  22 0.00420516   3.68421e-05   0.407596
TRACK:  11 0.0471293   -3.51183e-05   4.59214

EVENT:  138 2 18.5477  0.000168827  -9280.5
TRACK:  22 0.00656574   3.3292e-05   0.629526
TRACK:  11 0.0453703   9.47629e-05   4.3702

EVENT:  139 2 18.5463  1.19171e-05  -9280.5
TRACK:  22 7.34844e-05   7.59437e-06   0.00686051
TRACK:  11 0.0516144   3.32022e-05   4.99287

EVENT:  140 2 18.5472  -0.000610091  -9280.5
TRACK:  22 0.00770293   -1.58295e-05   0.739757
TRACK:  11 0.0443854   -1.02284e-05   4.25997

EVENT:  141 2 18.5469  0.000320987  -9280.5
TRACK:  22 0.00700576   -2.79201e-05   0.679137
TRACK:  11 0.0445473   9.18351e-06   4.3206

EVENT:  142 2 18.5466  -0.000443311  -9280.5
TRACK:  22 0.0031049   3.33222e-06   0.298935
TRACK:  11 0.0481387   2.73098e-05   4.7008

EVENT:  143 2 18.5473  8.19947e-05  -9280.5
TRACK:  22 0.00142738   -2.74981e-05   0.136256
TRACK:  11 0.0501968   -6.64855e-05   4.86348

EVENT:  144 2 18.5466  -0.000750992  -9280.5
TRACK:  22 0.00615909   2.79788e-05   0.586633
TRACK:  11 0.0462064   -6.04986e-05   4.41309

EVENT:  145 2 18.5472  5.52111e-05  -9280.5
TRACK:  22 0.00120581   2.74277e-05   0.116115
TRACK:  11 0.0506267   -0.00014704   4.88362

EVENT:  146 2 18.5467  0.000382047  -9280.5
TRACK:  22 0.0036951   3.9284e-05   0.353965
TRACK:  11 0.0482905   -3.90572e-05   4.64576

EVENT:  147 2 18.5467  -0.000276548  -9280.5
TRACK:  22 0.00311131   2.817e-05   0.304825
TRACK:  11 0.0484153   -2.61932e-05   4.69491

EVENT:  148 2 18.5465  0.000131668  -9280.5
TRACK:  22 0.00242924   3.35912e-05   0.233803
TRACK:  11 0.0491793   -7.27711e-05   4.76593

EVENT:  149 2 18.548  -0.000111683  -9280.5
TRACK:  22 0.00755074   7.41772e-07   0.731645
TRACK:  11 0.0439463   2.70574e-05   4.26809

EVENT:  150 2 18.5479  -0.000379184  -9280.5
TRACK:  22 0.00307121   2.614e-05   0.292033
TRACK:  11 0.0489241   3.65804e-05   4.7077

EVENT:  151 2 18.5472  0.00022386  -9280.5
TRACK:  22 0.00754104   1.11624e-05   0.721608
TRACK:  11 0.0446255   -2.57265e-05   4.27812

EVENT:  152 2 18.5462  0.000289598  -9280.5
TRACK:  22 0.00181013   7.33344e-06   0.177961
TRACK:  11 0.050044   0.000143739   4.82177

EVENT:  153 2 18.5467  -0.000269784  -9280.5
TRACK:  22 0.000507363   -4.3034e-06   0.0506909
TRACK:  11 0.0515684   -2.72588e-05   4.94904

EVENT:  154 2 18.5464  7.29522e-05  -9280.5
TRACK:  22 0.0012643   8.72566e-06   0.125102
TRACK:  11 0.0504693   2.11024e-05   4.87463

EVENT:  155 2 18.5464  4.61238e-05  -9280.5
TRACK:  22 0.000931158   -2.63784e-05   0.0886743
TRACK:  11 0.0509426   -7.3026e-05   4.91106

EVENT:  156 2 18.5466  0.000404769  -9280.5
TRACK:  22 0.00752731   -2.04539e-05   0.7315
TRACK:  11 0.0438247   -8.00374e-05   4.26824

EVENT:  157 2 18.5458  -2.87254e-05  -9280.5
TRACK:  22 0.00286079   -4.03438e-05   0.274468
TRACK:  11 0.0490402   1.01455e-05   4.72526

EVENT:  158 2 18.5468  -0.000413851  -9280.5
TRACK:  22 0.00433036   -4.27041e-05   0.420429
TRACK:  11 0.0473653   -1.02679e-05   4.5793

EVENT:  159 2 18.5475  -0.000142203  -9280.5
TRACK:  22 0.00246054   -9.41817e-07   0.242301
TRACK:  11 0.0491126   9.17207e-05   4.75743

EVENT:  160 2 18.5473  0.000335814  -9280.5
TRACK:  22 0.00593933   -8.55705e-06   0.575538
TRACK:  11 0.0453448   -4.93075e-05   4.4242

EVENT:  161 2 18.5473  -8.91491e-05  -9280.5
TRACK:  22 0.00215552   3.90113e-05   0.209272
TRACK:  11 0.0494956   8.56063e-06   4.79046

EVENT:  162 2 18.5473  -0.000557836  -9280.5
TRACK:  22 0.0064109   7.76817e-06   0.622827
TRACK:  11 0.0452915   -4.1813e-05   4.37691

EVENT:  163 2 18.547  0.00031187  -9280.5
TRACK:  22 0.00759187   -1.96241e-05   0.73123
TRACK:  11 0.0442155   -8.89813e-05   4.2685

EVENT:  164 2 18.5474  2.91667e-05  -9280.5
TRACK:  22 0.00325838   -3.3449e-05   0.318273
TRACK:  11 0.048363   -7.57689e-06   4.68146

EVENT:  165 2 18.5466  -5.27727e-05  -9280.5
TRACK:  22 0.00564023   1.56834e-05   0.540004
TRACK:  11 0.0462328   7.80508e-05   4.45973

EVENT:  166 2 18.5481  3.68005e-06  -9280.5
TRACK:  22 0.00020459   6.05968e-06   0.0186696
TRACK:  11 0.0514761   3.18552e-05   4.98106

EVENT:  167 2 18.5481  0.000206892  -9280.5
TRACK:  22 0.00157081   -1.84341e-05   0.153898
TRACK:  11 0.0503965   -5.68165e-06   4.84583

EVENT:  168 2 18.5478  0.00012861  -9280.5
TRACK:  22 0.00711427   -2.97924e-05   0.68517
TRACK:  11 0.044854   -1.62266e-05   4.31456

EVENT:  169 2 18.5472  3.93377e-05  -9280.5
TRACK:  22 0.00304495   -8.44768e-06   0.292823
TRACK:  11 0.0482612   6.18151e-06   4.70691

EVENT:  170 2 18.5464  0.000109338  -9280.5
TRACK:  22 0.00133713   -1.46056e-05   0.132224
TRACK:  11 0.0502935   1.83091e-05   4.86751

EVENT:  171 2 18.5464  -0.000246419  -9280.5
TRACK:  22 0.00144115   -2.3968e-05   0.137914
TRACK:  11 0.0500009   1.33412e-05   4.86182

EVENT:  172 2 18.5463  -0.000106243  -9280.5
TRACK:  22 0.00575564   1.44661e-05   0.559267
TRACK:  11 0.0460042   -1.00887e-05   4.44047

EVENT:  173 2 18.5471  0.000718352  -9280.5
TRACK:  22 0.00226821   -6.94178e-06   0.221661
TRACK:  11 0.049728   6.60384e-05   4.77807

EVENT:  174 2 18.5465  1.36827e-05  -9280.5
TRACK:  22 0.0054771   -2.66781e-05   0.535274
TRACK:  11 0.0459843   -3.23434e-05   4.46446

EVENT:  175 2 18.5474  8.52714e-05  -9280.5
TRACK:  22 0.00036703   1.32376e-05   0.0369813
TRACK:  11 0.0509551   1.55294e-05   4.96276

EVENT:  176 2 18.547  0.000315417  -9280.5
TRACK:  22 0.00378807   -2.90821e-05   0.360561
TRACK:  11 0.0483544   6.21669e-05   4.63917

EVENT:  177 2 18.5476  0.000506753  -9280.5
TRACK:  22 0.00727104   -1.00786e-05   0.708512
TRACK:  11 0.0440804   7.82689e-05   4.29122

EVENT:  178 2 18.5479  0.000478581  -9280.5
TRACK:  22 0.000201139   -1.08695e-06   0.0206115
TRACK:  11 0.0518998   -6.5087e-05   4.97912

EVENT:  179 2 18.5477  0.000629345  -9280.5
TRACK:  22 0.00154285   1.49131e-05   0.15237
TRACK:  11 0.0501238   0.000102288   4.84736

EVENT:  180 2 18.547  -0.00042492  -9280.5
TRACK:  22 0.00416496   -2.92132e-05   0.398989
TRACK:  11 0.0476193   -3.97449e-06   4.60074

EVENT:  181 2 18.5472  -0.000255323  -9280.5
TRACK:  22 0.000909233   2.73452e-05   0.0876437
TRACK:  11 0.0509318   -5.24443e-07   4.91209

EVENT:  182 2 18.5472  0.00017734  -9280.5
TRACK:  22 0.00460198   2.01371e-05   0.445419
TRACK:  11 0.0465982   0.000119494   4.55432

